81 60
1 3 5 7 9 0
11 13 15 17 19 0
21 23 25 27 29 0
31 33 35 37 39 0
41 43 45 47 49 0
51 53 55 57 59 0
2 12 0
2 22 0
2 32 0
2 42 0
2 52 0
12 22 0
12 32 0
12 42 0
12 52 0
22 32 0
22 42 0
22 52 0
32 42 0
32 52 0
42 52 0
4 14 0
4 24 0
4 34 0
4 44 0
4 54 0
14 24 0
14 34 0
14 44 0
14 54 0
24 34 0
24 44 0
24 54 0
34 44 0
34 54 0
44 54 0
6 16 0
6 26 0
6 36 0
6 46 0
6 56 0
16 26 0
16 36 0
16 46 0
16 56 0
26 36 0
26 46 0
26 56 0
36 46 0
36 56 0
46 56 0
8 18 0
8 28 0
8 38 0
8 48 0
8 58 0
18 28 0
18 38 0
18 48 0
18 58 0
28 38 0
28 48 0
28 58 0
38 48 0
38 58 0
48 58 0
10 20 0
10 30 0
10 40 0
10 50 0
10 60 0
20 30 0
20 40 0
20 50 0
20 60 0
30 40 0
30 50 0
30 60 0
40 50 0
40 60 0
50 60 0
